1.398301749644629 0.9851596623214649
13.111064673479412 0.5181564478510287
15.506609532357256 0.19999589935781123
6.14939445112915 -0.13339207056259794
21.91410732217776 0.076965064371383
10.844723309194 -0.9886435513166811
11.244951259542228 -0.9690663732516401
19.927894410149655 0.8811734724252369
9.859247930460494 -0.420929673586656
10.06140279048713 -0.5944848351821946
5.36524872046251 -0.7943498698594262
12.858426022731294 0.28792120217079986
10.473622600551513 -0.8668477729845974
22.77867957006419 -0.7086133113836288
4.235841404213901 -0.8885838908985778
11.088882482544484 -0.9956499478639703
9.170584720982063 0.251464654384351
6.201546038381474 -0.08154861179894766
17.94233776449657 -0.7877933427562542
10.789320812342257 -0.9788050490450938
16.023542596899972 -0.3103672430749923
13.125665052139924 0.5305882745570535
1.5723470836744866 0.9999987975767912
18.202638525050823 -0.6027295235364375
0.78929762442871 0.709858733482779
10.528909661782974 -0.8930738714151416
3.7692985909393224 -0.5872895435885005
17.922674314384114 -0.7997517650693236
14.631903958326138 0.8800936045724689
18.341019817756575 -0.4868991168754557
6.1673796942207435 -0.11554694278258726
23.661117920545088 -0.9950863854043609
19.529599894071943 0.6288272152527233
19.375068415146984 0.5016564118217895
23.940357530172356 -0.9292522540036089
6.258060189379777 -0.025122474421258843
6.70601926027859 0.4103464634077766
6.870801617205308 0.5543787392077446
20.27282271273703 0.9891372418177916
6.24180096114853 -0.04137253412865927
13.757151135760651 0.9286587729165694
1.6304341886598994 0.9982221897341835
16.892118876288254 -0.926180998692301
13.683214787995542 0.898721024154135
1.3241474379743607 0.9697360579205342
16.825162228191935 -0.8988765489064448
8.674571324511447 0.6817899389196022
14.21054388603061 0.9973091196531814
1.5788806928609445 0.9999673216906353
8.84999032044303 0.5436565678189514
12.989395660468025 0.41052071930587636
2.517433052868105 0.5844155335817266
5.375069674817151 -0.7883458160454938
12.837159044521641 0.26749121975143375
3.030587194346186 0.11077762752512978
11.458290683955353 -0.894843254074762
6.602180381773473 0.31361249115220846
21.80418688535397 0.18587439434939232
19.003327060569248 0.15316585422449955
15.612947813298254 0.09487255358726349
17.211955343854072 -0.9977694257686982
17.676330880705134 -0.9220040623602312
1.720169031554489 0.9888646252187642
17.308256531548814 -0.9995649969011706
18.331589610966653 -0.495114236848148
13.448253127254524 0.771936957742833
11.95227707392099 -0.5762179132515731
12.503034811488526 -0.06329346690375472
12.89621154480131 0.3238925377585486
4.637651792816159 -0.9972084761324362
11.062265872283932 -0.9977769404180725
16.480342341482014 -0.6978412292307262
2.4390063390204944 0.6461936529323166
22.88237697263537 -0.7778443292113941
2.938534103796549 0.2016659793025554
22.46041042245348 -0.45222804853996534
11.432898174617787 -0.9058882842523103
6.951473221051332 0.6196431073620637
3.77990315352796 -0.5958394488542842
19.962643136919855 0.8970671809699212
16.383864834245216 -0.6256009217416774
16.994255705489117 -0.9598010197855972
23.90210652804272 -0.9427007529902606
16.823279442314572 -0.8980499157437122
20.460275921611466 0.9992031560052218
14.531962098725938 0.9230753700416646
23.222069496205673 -0.9427962087955781
9.566821216291837 -0.141566086250411
6.298696958386986 0.015511029168396388
20.240000434578796 0.983780646836361
9.998421140734568 -0.5426956575148848
4.094314568289384 -0.8149957813635159
14.045087360970545 0.9957636699222984
14.266371612738494 0.9916646818162956
3.342346170969164 -0.19940777152344805
22.44983709035073 -0.4427725662981495
22.314496931723077 -0.31774316997037966
17.95034613454473 -0.7828354608280542
11.232027555504391 -0.9721749312368418
14.379669634965524 0.9707400366063129
