0
1
1
0
0.0
[[0. 0.]
 [0. 0.]]
--------------
1
0
1
1
0.5
[[0.  0. ]
 [0.5 0. ]]
--------------
1
0
1
1
0.95
[[0.   0.  ]
 [0.95 0.  ]]
--------------
1
0
1
1
1.355
[[0.    0.   ]
 [1.355 0.   ]]
--------------
1
0
1
1
1.7195
[[0.     0.    ]
 [1.7195 0.    ]]
--------------
1
0
1
1
2.04755
[[0.      0.     ]
 [2.04755 0.     ]]
--------------
1
0
1
1
2.342795
[[0.       0.      ]
 [2.342795 0.      ]]
--------------
1
0
1
1
2.6085155
[[0.        0.       ]
 [2.6085155 0.       ]]
--------------
1
0
1
1
2.8476639500000003
[[0.         0.        ]
 [2.84766395 0.        ]]
--------------
1
1
0
0
0.0
[[0.         0.        ]
 [2.84766395 0.        ]]
--------------
0
0
0
1
0.5
[[0.5        0.        ]
 [2.84766395 0.        ]]
--------------
0
0
0
1
0.95
[[0.95       0.        ]
 [2.84766395 0.        ]]
--------------
0
0
0
1
1.355
[[1.355      0.        ]
 [2.84766395 0.        ]]
--------------
0
0
0
1
1.7195
[[1.7195     0.        ]
 [2.84766395 0.        ]]
--------------
0
0
0
1
2.04755
[[2.04755    0.        ]
 [2.84766395 0.        ]]
--------------
0
1
1
0
1.1390655800000002
[[2.04755    1.13906558]
 [2.84766395 0.        ]]
--------------
1
0
1
1
3.062897555
[[2.04755    1.13906558]
 [3.06289756 0.        ]]
--------------
1
0
1
1
3.2566077995000002
[[2.04755    1.13906558]
 [3.2566078  0.        ]]
--------------
1
0
1
1
3.4309470195500005
[[2.04755    1.13906558]
 [3.43094702 0.        ]]
--------------
1
0
1
1
3.587852317595001
[[2.04755    1.13906558]
 [3.58785232 0.        ]]
--------------
1
0
1
1
3.729067085835501
[[2.04755    1.13906558]
 [3.72906709 0.        ]]
--------------
1
1
0
0
0.8190200000000001
[[2.04755    1.13906558]
 [3.72906709 0.81902   ]]
--------------
0
0
0
1
2.342795
[[2.342795   1.13906558]
 [3.72906709 0.81902   ]]
--------------
0
0
0
1
2.6085155
[[2.6085155  1.13906558]
 [3.72906709 0.81902   ]]
--------------
0
0
0
1
2.8476639500000003
[[2.84766395 1.13906558]
 [3.72906709 0.81902   ]]
--------------
0
0
0
1
3.062897555
[[3.06289756 1.13906558]
 [3.72906709 0.81902   ]]
--------------
0
0
0
1
3.2566077995000002
[[3.2566078  1.13906558]
 [3.72906709 0.81902   ]]
--------------
0
1
1
0
2.0611596243342007
[[3.2566078  2.06115962]
 [3.72906709 0.81902   ]]
--------------
1
0
1
1
3.856160377251951
[[3.2566078  2.06115962]
 [3.85616038 0.81902   ]]
--------------
1
0
1
1
3.9705443395267563
[[3.2566078  2.06115962]
 [3.97054434 0.81902   ]]
--------------
1
0
1
1
4.07348990557408
[[3.2566078  2.06115962]
 [4.07348991 0.81902   ]]
--------------
1
0
1
1
4.166140915016673
[[3.2566078  2.06115962]
 [4.16614092 0.81902   ]]
--------------
1
0
1
1
4.249526823515005
[[3.2566078  2.06115962]
 [4.24952682 0.81902   ]]
--------------
1
1
0
0
1.7121531198000002
[[3.2566078  2.06115962]
 [4.24952682 1.71215312]]
--------------
0
0
0
1
3.4309470195500005
[[3.43094702 2.06115962]
 [4.24952682 1.71215312]]
--------------
0
0
0
1
3.587852317595001
[[3.58785232 2.06115962]
 [4.24952682 1.71215312]]
--------------
0
1
1
0
2.7303905415731027
[[3.58785232 2.73039054]
 [4.24952682 1.71215312]]
--------------
1
1
0
0
2.2912174869380006
[[3.58785232 2.73039054]
 [4.24952682 2.29121749]]
--------------
0
1
1
0
3.0650060001925534
[[3.58785232 3.065006  ]
 [4.24952682 2.29121749]]
--------------
1
0
1
1
4.324574141163504
[[3.58785232 3.065006  ]
 [4.32457414 2.29121749]]
--------------
1
1
0
0
2.580749670507001
[[3.58785232 3.065006  ]
 [4.32457414 2.58074967]]
--------------
0
0
0
1
3.729067085835501
[[3.72906709 3.065006  ]
 [4.32457414 2.58074967]]
--------------
0
0
0
1
3.856160377251951
[[3.85616038 3.065006  ]
 [4.32457414 2.58074967]]
--------------
0
0
0
1
3.9705443395267563
[[3.97054434 3.065006  ]
 [4.32457414 2.58074967]]
--------------
0
0
0
1
4.07348990557408
[[4.07348991 3.065006  ]
 [4.32457414 2.58074967]]
--------------
0
1
1
0
3.2623326565616786
[[4.07348991 3.26233266]
 [4.32457414 2.58074967]]
--------------
1
0
1
1
4.392116727047154
[[4.07348991 3.26233266]
 [4.39211673 2.58074967]]
--------------
1
0
1
1
4.452905054342438
[[4.07348991 3.26233266]
 [4.45290505 2.58074967]]
--------------
1
0
1
1
4.507614548908195
[[4.07348991 3.26233266]
 [4.50761455 2.58074967]]
--------------
1
0
1
1
4.5568530940173755
[[4.07348991 3.26233266]
 [4.55685309 2.58074967]]
--------------
1
0
1
1
4.6011677846156385
[[4.07348991 3.26233266]
 [4.60116778 2.58074967]]
--------------
1
0
1
1
4.641051006154075
[[4.07348991 3.26233266]
 [4.64105101 2.58074967]]
--------------
1
0
1
1
4.676945905538668
[[4.07348991 3.26233266]
 [4.67694591 2.58074967]]
--------------
1
0
1
1
4.709251314984801
[[4.07348991 3.26233266]
 [4.70925131 2.58074967]]
--------------
1
0
1
1
4.738326183486321
[[4.07348991 3.26233266]
 [4.73832618 2.58074967]]
--------------
1
0
1
1
4.764493565137689
[[4.07348991 3.26233266]
 [4.76449357 2.58074967]]
--------------
1
0
1
1
4.788044208623921
[[4.07348991 3.26233266]
 [4.78804421 2.58074967]]
--------------
1
1
0
0
2.9197707974831326
[[4.07348991 3.26233266]
 [4.78804421 2.9197708 ]]
--------------
0
0
0
1
4.166140915016673
[[4.16614092 3.26233266]
 [4.78804421 2.9197708 ]]
--------------
0
0
0
1
4.249526823515005
[[4.24952682 3.26233266]
 [4.78804421 2.9197708 ]]
--------------
0
0
0
1
4.324574141163504
[[4.32457414 3.26233266]
 [4.78804421 2.9197708 ]]
--------------
0
0
0
1
4.392116727047154
[[4.39211673 3.26233266]
 [4.78804421 2.9197708 ]]
--------------
0
0
0
1
4.452905054342438
[[4.45290505 3.26233266]
 [4.78804421 2.9197708 ]]
--------------
0
0
0
1
4.507614548908195
[[4.50761455 3.26233266]
 [4.78804421 2.9197708 ]]
--------------
0
0
0
1
4.5568530940173755
[[4.55685309 3.26233266]
 [4.78804421 2.9197708 ]]
--------------
0
0
0
1
4.6011677846156385
[[4.60116778 3.26233266]
 [4.78804421 2.9197708 ]]
--------------
0
0
0
1
4.641051006154075
[[4.64105101 3.26233266]
 [4.78804421 2.9197708 ]]
--------------
0
1
1
0
3.5463840117304075
[[4.64105101 3.54638401]
 [4.78804421 2.9197708 ]]
--------------
1
0
1
1
4.809239787761529
[[4.64105101 3.54638401]
 [4.80923979 2.9197708 ]]
--------------
1
1
0
0
3.316305801203196
[[4.64105101 3.54638401]
 [4.80923979 3.3163058 ]]
--------------
0
0
0
1
4.676945905538668
[[4.67694591 3.54638401]
 [4.80923979 3.3163058 ]]
--------------
0
0
0
1
4.709251314984801
[[4.70925131 3.54638401]
 [4.80923979 3.3163058 ]]
--------------
0
0
0
1
4.738326183486321
[[4.73832618 3.54638401]
 [4.80923979 3.3163058 ]]
--------------
0
0
0
1
4.764493565137689
[[4.76449357 3.54638401]
 [4.80923979 3.3163058 ]]
--------------
0
0
0
1
4.788044208623921
[[4.78804421 3.54638401]
 [4.80923979 3.3163058 ]]
--------------
0
0
0
1
4.809239787761529
[[4.80923979 3.54638401]
 [4.80923979 3.3163058 ]]
--------------
0
0
0
1
4.828315808985376
[[4.82831581 3.54638401]
 [4.80923979 3.3163058 ]]
--------------
0
0
0
1
4.845484228086839
[[4.84548423 3.54638401]
 [4.80923979 3.3163058 ]]
--------------
0
0
0
1
4.860935805278155
[[4.86093581 3.54638401]
 [4.80923979 3.3163058 ]]
--------------
0
1
1
0
3.6968879209698153
[[4.86093581 3.69688792]
 [4.80923979 3.3163058 ]]
--------------
1
0
1
1
4.828315808985376
[[4.86093581 3.69688792]
 [4.82831581 3.3163058 ]]
--------------
1
0
1
1
4.845484228086839
[[4.86093581 3.69688792]
 [4.84548423 3.3163058 ]]
--------------
1
0
1
1
4.860935805278155
[[4.86093581 3.69688792]
 [4.86093581 3.3163058 ]]
--------------
1
0
1
1
4.874842224750339
[[4.86093581 3.69688792]
 [4.87484222 3.3163058 ]]
--------------
1
0
1
1
4.887358002275306
[[4.86093581 3.69688792]
 [4.887358   3.3163058 ]]
--------------
1
0
1
1
4.898622202047775
[[4.86093581 3.69688792]
 [4.8986222  3.3163058 ]]
--------------
1
0
1
1
4.908759981842998
[[4.86093581 3.69688792]
 [4.90875998 3.3163058 ]]
--------------
1
0
1
1
4.917883983658698
[[4.86093581 3.69688792]
 [4.91788398 3.3163058 ]]
--------------
1
0
1
1
4.9260955852928285
[[4.86093581 3.69688792]
 [4.92609559 3.3163058 ]]
--------------
1
0
1
1
4.933486026763546
[[4.86093581 3.69688792]
 [4.93348603 3.3163058 ]]
--------------
1
0
1
1
4.940137424087192
[[4.86093581 3.69688792]
 [4.94013742 3.3163058 ]]
--------------
1
0
1
1
4.946123681678473
[[4.86093581 3.69688792]
 [4.94612368 3.3163058 ]]
--------------
1
0
1
1
4.9515113135106255
[[4.86093581 3.69688792]
 [4.95151131 3.3163058 ]]
--------------
1
0
1
1
4.956360182159563
[[4.86093581 3.69688792]
 [4.95636018 3.3163058 ]]
--------------
1
0
1
1
4.960724163943606
[[4.86093581 3.69688792]
 [4.96072416 3.3163058 ]]
--------------
1
1
0
0
3.60252722271286
[[4.86093581 3.69688792]
 [4.96072416 3.60252722]]
--------------
0
0
0
1
4.874842224750339
[[4.87484222 3.69688792]
 [4.96072416 3.60252722]]
--------------
0
1
1
0
3.83273362606235
[[4.87484222 3.83273363]
 [4.96072416 3.60252722]]
--------------
1
0
1
1
4.9646517475492455
[[4.87484222 3.83273363]
 [4.96465175 3.60252722]]
--------------
1
0
1
1
4.9681865727943215
[[4.87484222 3.83273363]
 [4.96818657 3.60252722]]
--------------
1
0
1
1
4.9713679155148895
[[4.87484222 3.83273363]
 [4.97136792 3.60252722]]
--------------
1
0
1
1
4.974231123963401
[[4.87484222 3.83273363]
 [4.97423112 3.60252722]]
--------------
1
0
1
1
4.976808011567061
[[4.87484222 3.83273363]
 [4.97680801 3.60252722]]
--------------
1
0
1
1
4.979127210410356
[[4.87484222 3.83273363]
 [4.97912721 3.60252722]]
--------------
1
1
0
0
3.751200501256566
[[4.87484222 3.83273363]
 [4.97912721 3.7512005 ]]
--------------
0
1
1
0
3.9080176971953176
[[4.87484222 3.9080177 ]
 [4.97912721 3.7512005 ]]
--------------
1
0
1
1
4.981214489369321
[[4.87484222 3.9080177 ]
 [4.98121449 3.7512005 ]]
--------------
1
0
1
1
4.983093040432388
[[4.87484222 3.9080177 ]
 [4.98309304 3.7512005 ]]
--------------
1
1
0
0
3.825537140528419
[[4.87484222 3.9080177 ]
 [4.98309304 3.82553714]]
--------------
0
0
0
1
4.887358002275306
[[4.887358   3.9080177 ]
 [4.98309304 3.82553714]]
--------------
0
0
0
1
4.898622202047775
[[4.8986222  3.9080177 ]
 [4.98309304 3.82553714]]
--------------
0
0
0
1
4.908759981842998
[[4.90875998 3.9080177 ]
 [4.98309304 3.82553714]]
--------------
0
0
0
1
4.917883983658698
[[4.91788398 3.9080177 ]
 [4.98309304 3.82553714]]
--------------
0
0
0
1
4.9260955852928285
[[4.92609559 3.9080177 ]
 [4.98309304 3.82553714]]
--------------
0
0
0
1
4.933486026763546
[[4.93348603 3.9080177 ]
 [4.98309304 3.82553714]]
--------------
0
1
1
0
3.9472460647706145
[[4.93348603 3.94724606]
 [4.98309304 3.82553714]]
--------------
1
0
1
1
4.98478373638915
[[4.93348603 3.94724606]
 [4.98478374 3.82553714]]
--------------
1
0
1
1
4.986305362750235
[[4.93348603 3.94724606]
 [4.98630536 3.82553714]]
--------------
1
0
1
1
4.987674826475212
[[4.93348603 3.94724606]
 [4.98767483 3.82553714]]
--------------
1
0
1
1
4.988907343827691
[[4.93348603 3.94724606]
 [4.98890734 3.82553714]]
--------------
1
1
0
0
3.886162980969628
[[4.93348603 3.94724606]
 [4.98890734 3.88616298]]
--------------
0
0
0
1
4.940137424087192
[[4.94013742 3.94724606]
 [4.98890734 3.88616298]]
--------------
0
0
0
1
4.946123681678473
[[4.94612368 3.94724606]
 [4.98890734 3.88616298]]
--------------
0
1
1
0
3.9691859699163836
[[4.94612368 3.96918597]
 [4.98890734 3.88616298]]
--------------
1
0
1
1
4.990016609444922
[[4.94612368 3.96918597]
 [4.99001661 3.88616298]]
--------------
1
1
0
0
3.9215309631562034
[[4.94612368 3.96918597]
 [4.99001661 3.92153096]]
--------------
0
0
0
1
4.9515113135106255
[[4.95151131 3.96918597]
 [4.99001661 3.92153096]]
--------------
0
0
0
1
4.956360182159563
[[4.95636018 3.96918597]
 [4.99001661 3.92153096]]
--------------
0
0
0
1
4.960724163943606
[[4.96072416 3.96918597]
 [4.99001661 3.92153096]]
--------------
0
1
1
0
3.9805996287361607
[[4.96072416 3.98059963]
 [4.99001661 3.92153096]]
--------------
1
0
1
1
4.99101494850043
[[4.96072416 3.98059963]
 [4.99101495 3.92153096]]
--------------
1
0
1
1
4.991913453650387
[[4.96072416 3.98059963]
 [4.99191345 3.92153096]]
--------------
1
0
1
1
4.992722108285348
[[4.96072416 3.98059963]
 [4.99272211 3.92153096]]
--------------
1
0
1
1
4.993449897456813
[[4.96072416 3.98059963]
 [4.9934499  3.92153096]]
--------------
1
1
0
0
3.945055147155544
[[4.96072416 3.98059963]
 [4.9934499  3.94505515]]
--------------
0
0
0
1
4.9646517475492455
[[4.96465175 3.98059963]
 [4.9934499  3.94505515]]
--------------
0
0
0
1
4.9681865727943215
[[4.96818657 3.98059963]
 [4.9934499  3.94505515]]
--------------
0
0
0
1
4.9713679155148895
[[4.97136792 3.98059963]
 [4.9934499  3.94505515]]
--------------
0
0
0
1
4.974231123963401
[[4.97423112 3.98059963]
 [4.9934499  3.94505515]]
--------------
0
0
0
1
4.976808011567061
[[4.97680801 3.98059963]
 [4.9934499  3.94505515]]
--------------
0
0
0
1
4.979127210410356
[[4.97912721 3.98059963]
 [4.9934499  3.94505515]]
--------------
0
1
1
0
3.9876797733508056
[[4.97912721 3.98767977]
 [4.9934499  3.94505515]]
--------------
1
1
0
0
3.9641784577419146
[[4.97912721 3.98767977]
 [4.9934499  3.96417846]]
--------------
0
1
1
0
3.991219845658128
[[4.97912721 3.99121985]
 [4.9934499  3.96417846]]
--------------
1
0
1
1
4.994104907711131
[[4.97912721 3.99121985]
 [4.99410491 3.96417846]]
--------------
1
0
1
1
4.9946944169400185
[[4.97912721 3.99121985]
 [4.99469442 3.96417846]]
--------------
1
0
1
1
4.995224975246017
[[4.97912721 3.99121985]
 [4.99522498 3.96417846]]
--------------
1
1
0
0
3.9737401130350998
[[4.97912721 3.99121985]
 [4.99522498 3.97374011]]
--------------
0
0
0
1
4.981214489369321
[[4.98121449 3.99121985]
 [4.99522498 3.97374011]]
--------------
0
0
0
1
4.983093040432388
[[4.98309304 3.99121985]
 [4.99522498 3.97374011]]
--------------
0
0
0
1
4.98478373638915
[[4.98478374 3.99121985]
 [4.99522498 3.97374011]]
--------------
0
1
1
0
3.993699912927471
[[4.98478374 3.99369991]
 [4.99522498 3.97374011]]
--------------
1
0
1
1
4.995702477721416
[[4.98478374 3.99369991]
 [4.99570248 3.97374011]]
--------------
1
0
1
1
4.996132229949274
[[4.98478374 3.99369991]
 [4.99613223 3.97374011]]
--------------
1
1
0
0
3.98078355107321
[[4.98478374 3.99369991]
 [4.99613223 3.98078355]]
--------------
0
0
0
1
4.986305362750235
[[4.98630536 3.99369991]
 [4.99613223 3.98078355]]
--------------
0
0
0
1
4.987674826475212
[[4.98767483 3.99369991]
 [4.99613223 3.98078355]]
--------------
0
1
1
0
3.995302848443445
[[4.98767483 3.99530285]
 [4.99613223 3.98078355]]
--------------
1
0
1
1
4.9965190069543475
[[4.98767483 3.99530285]
 [4.99651901 3.98078355]]
--------------
1
0
1
1
4.996867106258913
[[4.98767483 3.99530285]
 [4.99686711 3.98078355]]
--------------
1
0
1
1
4.997180395633022
[[4.98767483 3.99530285]
 [4.9971804  3.98078355]]
--------------
1
0
1
1
4.99746235606972
[[4.98767483 3.99530285]
 [4.99746236 3.98078355]]
--------------
1
1
0
0
3.98546170612669
[[4.98767483 3.99530285]
 [4.99746236 3.98546171]]
--------------
0
0
0
1
4.988907343827691
[[4.98890734 3.99530285]
 [4.99746236 3.98546171]]
--------------
0
0
0
1
4.990016609444922
[[4.99001661 3.99530285]
 [4.99746236 3.98546171]]
--------------
0
0
0
1
4.99101494850043
[[4.99101495 3.99530285]
 [4.99746236 3.98546171]]
--------------
0
0
0
1
4.991913453650387
[[4.99191345 3.99530285]
 [4.99746236 3.98546171]]
--------------
0
1
1
0
3.9966363666496107
[[4.99191345 3.99663637]
 [4.99746236 3.98546171]]
--------------
1
0
1
1
4.997716120462748
[[4.99191345 3.99663637]
 [4.99771612 3.98546171]]
--------------
1
0
1
1
4.997944508416473
[[4.99191345 3.99663637]
 [4.99794451 3.98546171]]
--------------
1
1
0
0
3.9894962345235
[[4.99191345 3.99663637]
 [4.99794451 3.98949623]]
--------------
0
0
0
1
4.992722108285348
[[4.99272211 3.99663637]
 [4.99794451 3.98949623]]
--------------
0
1
1
0
3.9974959866913946
[[4.99272211 3.99749599]
 [4.99794451 3.98949623]]
--------------
1
0
1
1
4.998150057574826
[[4.99272211 3.99749599]
 [4.99815006 3.98949623]]
--------------
1
1
0
0
3.991836960575889
[[4.99272211 3.99749599]
 [4.99815006 3.99183696]]
--------------
0
0
0
1
4.993449897456813
[[4.9934499  3.99749599]
 [4.99815006 3.99183696]]
--------------
0
0
0
1
4.994104907711131
[[4.99410491 3.99749599]
 [4.99815006 3.99183696]]
--------------
0
0
0
1
4.9946944169400185
[[4.99469442 3.99749599]
 [4.99815006 3.99183696]]
--------------
0
0
0
1
4.995224975246017
[[4.99522498 3.99749599]
 [4.99815006 3.99183696]]
--------------
0
1
1
0
3.9980080163756275
[[4.99522498 3.99800802]
 [4.99815006 3.99183696]]
--------------
1
1
0
0
3.994008470386351
[[4.99522498 3.99800802]
 [4.99815006 3.99400847]]
--------------
0
1
1
0
3.998264031217744
[[4.99522498 3.99826403]
 [4.99815006 3.99400847]]
--------------
1
1
0
0
3.9950942252915826
[[4.99522498 3.99826403]
 [4.99815006 3.99509423]]
--------------
0
0
0
1
4.995702477721416
[[4.99570248 3.99826403]
 [4.99815006 3.99509423]]
--------------
0
0
0
1
4.996132229949274
[[4.99613223 3.99826403]
 [4.99815006 3.99509423]]
--------------
0
0
0
1
4.9965190069543475
[[4.99651901 3.99826403]
 [4.99815006 3.99509423]]
--------------
0
0
0
1
4.996867106258913
[[4.99686711 3.99826403]
 [4.99815006 3.99509423]]
--------------
0
0
0
1
4.997180395633022
[[4.9971804  3.99826403]
 [4.99815006 3.99509423]]
--------------
0
0
0
1
4.99746235606972
[[4.99746236 3.99826403]
 [4.99815006 3.99509423]]
--------------
0
0
0
1
4.997716120462748
[[4.99771612 3.99826403]
 [4.99815006 3.99509423]]
--------------
0
0
0
1
4.997944508416473
[[4.99794451 3.99826403]
 [4.99815006 3.99509423]]
--------------
0
0
0
1
4.998150057574826
[[4.99815006 3.99826403]
 [4.99815006 3.99509423]]
--------------
0
0
0
1
4.998335051817343
[[4.99833505 3.99826403]
 [4.99815006 3.99509423]]
--------------
0
0
0
1
4.998501546635609
[[4.99850155 3.99826403]
 [4.99815006 3.99509423]]
--------------
0
1
1
0
3.9983920386388023
[[4.99850155 3.99839204]
 [4.99815006 3.99509423]]
--------------
1
0
1
1
4.998335051817343
[[4.99850155 3.99839204]
 [4.99833505 3.99509423]]
--------------
1
0
1
1
4.998501546635609
[[4.99850155 3.99839204]
 [4.99850155 3.99509423]]
--------------
1
0
1
1
4.998651391972048
[[4.99850155 3.99839204]
 [4.99865139 3.99509423]]
--------------
1
0
1
1
4.998786252774844
[[4.99850155 3.99839204]
 [4.99878625 3.99509423]]
--------------
1
0
1
1
4.99890762749736
[[4.99850155 3.99839204]
 [4.99890763 3.99509423]]
--------------
Finally, we get this Q:
[[4.99850155 3.99839204]
 [4.99890763 3.99509423]]
