0.47478256524765117 0.4571450732267932
13.51964707719214 0.8153169983139021
0.23853280658095777 0.23627723040806276
2.5640346576243034 0.5459796596185473
10.094375828501514 -0.6206707368510185
1.885573720009699 0.9508653226043674
17.6314532055803 -0.9384456728885604
6.172264278649977 -0.110693716069033
4.27755053223644 -0.9069381100955273
7.6405550608725825 0.977310871314281
18.983255472067967 0.13330158045133395
15.872703141268643 -0.16399573170404816
0.6254197551459573 0.5854376273276342
7.570941625496448 0.9602108752238852
6.5022457646640515 0.21731262975130125
7.939650926520663 0.9963326299526244
13.801229896295483 0.9441018235962808
4.75745418655735 -0.9989847354365229
2.818316178762048 0.31767501252466307
13.212045154830543 0.6017373268325331
11.696426573883187 -0.7642928516421328
2.396696868876451 0.6778951993777211
19.80521227424842 0.8166926796582931
10.823544813134117 -0.9852393861977468
17.26669919638799 -0.999927274277271
7.269926838653418 0.8342336548250874
8.814809107105594 0.5728419307898764
3.1759604629703797 -0.034361044211526214
10.537138355207563 -0.8967457661020329
16.47077307600363 -0.6909553729689905
3.4107856809201498 -0.2659536131516739
12.381641453018242 -0.18368030964865684
0.11560376111776627 0.11534644058842522
15.485863256449084 0.22027853623943458
2.589153014267851 0.5247655237398258
11.670212591986537 -0.7809329226560382
4.506539594944381 -0.9788877243840411
4.220266062556545 -0.8813317710328507
0.8765320899918261 0.7685246658958544
6.574652639743725 0.2873579792064168
8.552206660824016 0.7659844509532779
19.801217632044324 0.8143809702107497
3.1092826337176627 0.032304398559282396
0.1132192116141928 0.11297748149150832
4.403890604292389 -0.9527905793592208
4.713716564382635 -0.9999991187604936
7.772824945906629 0.9967086031262447
1.371562151049961 0.9802184362205936
5.0126331516999745 -0.9552643030903649
9.779436974775734 -0.3472706207148846
13.745365950382222 0.9242228443980682
19.971989523081163 0.90115805321967
7.406286489243983 0.9014472423208478
15.920138167835203 -0.21058652446710158
0.9678447405202562 0.8236654312527879
7.974804749077653 0.9927097626160631
4.486679523500429 -0.9746355774165891
9.937983563397829 -0.4909724059538958
12.188414194824531 -0.3690218953031091
17.848487472934522 -0.8420477896384352
16.893009586427663 -0.926516499555979
3.762314040738015 -0.5816221307600601
5.37938097771444 -0.7856860445332637
17.46583370912498 -0.9825526104824628
0.36661563453810997 0.35845803056394454
5.574251976096159 -0.6510244793117812
18.874323870292258 0.024765416509503632
8.968934788531708 0.4402195462617201
14.875015184897517 0.7399177512681676
14.879923699563465 0.7366069061390808
12.399357072234181 -0.166238191591452
6.003185360292925 -0.2763555975192509
6.376155007634523 0.09283582981037618
8.605547910996119 0.7306203366854078
16.1408666421388 -0.4195081093965485
12.469018488756209 -0.09719842369357315
13.227841330506989 0.614278042798505
11.412875806229007 -0.9141859484845509
6.3062594496355935 0.023072095003215033
7.992641008077728 0.9904021814233276
10.503379828178737 -0.8812979655385133
17.68152887339593 -0.9199790557171438
18.335551446819252 -0.49166820670436207
14.31272990236412 0.9846283667399068
8.88149424829627 0.5169496833848823
2.0830332030428234 0.8716503330300753
3.2239484736421997 -0.082262755486331
1.6687525463672848 0.9952061246343468
15.003863372766384 0.6473480368866138
10.45709406104166 -0.8584890607773384
9.353103756197239 0.07161285297938222
8.992486315576816 0.4189527329697122
1.6489193691724835 0.996949946857839
7.550445524144587 0.9542855266034257
2.966587090137869 0.17411361606965933
8.35924629126157 0.8750464006129349
19.83797899526384 0.8351596960299743
17.728624099651796 -0.9005060297819687
3.183012938684908 -0.04140844239461121
2.8902339010017064 0.24872024273043614
